3.00 -22.00 -2.00 -26.00 148.00 2.00 -50.00 1.00 -6.00 32.00 7.00 28.00 0.00 0.00 13.00 31.00 0.00 0.00 0.00 0.00 0.00 0.00 0.00 0.00 0.00 0.00 0.00 0.00 0.00 0.00 0.00 0.00 0.00 0.00 0.00 0.00 0.00 0.00 0.00 0.00 
3.00 -22.00 -2.00 -26.00 148.00 2.00 -50.00 1.00 -6.00 32.00 7.00 28.00 0.00 0.00 13.00 31.00 0.00 0.00 0.00 0.00 0.00 0.00 0.00 0.00 0.00 0.00 0.00 0.00 0.00 0.00 0.00 0.00 0.00 0.00 0.00 0.00 0.00 0.00 0.00 0.00 
0.00 34.00 -2.00 -26.00 20.00 -3.00 -65.00 56.00 -6.00 32.00 7.00 28.00 0.00 0.00 1.00 85.00 0.00 0.00 0.00 0.00 0.00 0.00 0.00 0.00 0.00 0.00 0.00 0.00 0.00 0.00 0.00 0.00 0.00 0.00 0.00 0.00 0.00 0.00 0.00 0.00 
0.00 34.00 -2.00 -26.00 20.00 -3.00 -65.00 56.00 -6.00 32.00 7.00 28.00 0.00 0.00 1.00 85.00 0.00 0.00 0.00 0.00 0.00 0.00 0.00 0.00 0.00 0.00 0.00 0.00 0.00 0.00 0.00 0.00 0.00 0.00 0.00 0.00 0.00 0.00 0.00 0.00 
0.00 11.00 -1.00 -5.00 -27.00 -32.00 -27.00 72.00 -3.00 39.00 8.00 -8.00 0.00 0.00 24.00 45.00 0.00 0.00 0.00 0.00 0.00 0.00 0.00 0.00 0.00 0.00 0.00 0.00 0.00 0.00 0.00 0.00 0.00 0.00 0.00 0.00 0.00 0.00 0.00 0.00 
0.00 11.00 -1.00 -5.00 50.00 84.00 32.00 -33.00 4.00 -9.00 10.00 49.00 0.00 0.00 24.00 45.00 0.00 0.00 0.00 0.00 0.00 0.00 0.00 0.00 0.00 0.00 0.00 0.00 0.00 0.00 0.00 0.00 0.00 0.00 0.00 0.00 0.00 0.00 0.00 0.00 
0.00 11.00 -1.00 -5.00 -27.00 -32.00 -27.00 72.00 -3.00 39.00 8.00 -8.00 0.00 0.00 24.00 45.00 0.00 0.00 0.00 0.00 0.00 0.00 0.00 0.00 0.00 0.00 0.00 0.00 0.00 0.00 0.00 0.00 0.00 0.00 0.00 0.00 0.00 0.00 0.00 0.00 
0.00 11.00 -1.00 -5.00 50.00 84.00 32.00 -33.00 4.00 -9.00 10.00 49.00 0.00 0.00 24.00 45.00 0.00 0.00 0.00 0.00 0.00 0.00 0.00 0.00 0.00 0.00 0.00 0.00 0.00 0.00 0.00 0.00 0.00 0.00 0.00 0.00 0.00 0.00 0.00 0.00 
0.00 11.00 -1.00 -5.00 -27.00 -32.00 -27.00 72.00 -3.00 39.00 8.00 -8.00 0.00 0.00 24.00 45.00 0.00 0.00 0.00 0.00 0.00 0.00 0.00 0.00 0.00 0.00 0.00 0.00 0.00 0.00 0.00 0.00 0.00 0.00 0.00 0.00 0.00 0.00 0.00 0.00 
0.00 11.00 -1.00 -5.00 50.00 84.00 32.00 -33.00 4.00 -9.00 10.00 49.00 0.00 0.00 24.00 45.00 0.00 0.00 0.00 0.00 0.00 0.00 0.00 0.00 0.00 0.00 0.00 0.00 0.00 0.00 0.00 0.00 0.00 0.00 0.00 0.00 0.00 0.00 0.00 0.00 
3.00 -5.00 -1.00 -5.00 144.00 1.00 -87.00 90.00 4.00 -9.00 28.00 -1.00 0.00 0.00 24.00 45.00 0.00 0.00 0.00 0.00 0.00 0.00 0.00 0.00 0.00 0.00 0.00 0.00 0.00 0.00 0.00 0.00 0.00 0.00 0.00 0.00 0.00 0.00 0.00 0.00 
2.00 9.00 -1.00 -5.00 90.00 101.00 -134.00 14.00 4.00 -9.00 28.00 -1.00 0.00 0.00 24.00 45.00 0.00 0.00 0.00 0.00 0.00 0.00 0.00 0.00 0.00 0.00 0.00 0.00 0.00 0.00 0.00 0.00 0.00 0.00 0.00 0.00 0.00 0.00 0.00 0.00 
0.00 20.00 -1.00 -5.00 12.00 174.00 -15.00 165.00 4.00 -9.00 28.00 -1.00 -9.00 -10.00 24.00 26.00 0.00 0.00 0.00 0.00 0.00 0.00 0.00 0.00 0.00 0.00 0.00 0.00 0.00 0.00 0.00 0.00 0.00 0.00 0.00 0.00 0.00 0.00 0.00 0.00 
-61.00 -11.00 64.00 4.00 -8.00 100.00 -86.00 57.00 4.00 -9.00 -28.00 -22.00 67.00 -14.00 24.00 26.00 0.00 0.00 0.00 0.00 0.00 0.00 0.00 0.00 0.00 0.00 0.00 0.00 0.00 0.00 0.00 0.00 0.00 0.00 0.00 0.00 0.00 0.00 0.00 0.00 
58.00 -2.00 -59.00 10.00 71.00 64.00 7.00 87.00 4.00 -21.00 -14.00 -9.00 62.00 -7.00 -26.00 15.00 0.00 0.00 0.00 0.00 0.00 0.00 0.00 0.00 0.00 0.00 0.00 0.00 0.00 0.00 0.00 0.00 0.00 0.00 0.00 0.00 0.00 0.00 0.00 0.00 
-42.00 -15.00 0.00 0.00 76.00 39.00 -66.00 143.00 30.00 10.00 59.00 -8.00 28.00 -42.00 0.00 0.00 0.00 0.00 0.00 0.00 0.00 0.00 0.00 0.00 0.00 0.00 0.00 0.00 0.00 0.00 0.00 0.00 0.00 0.00 0.00 0.00 0.00 0.00 0.00 0.00 
23.00 -9.00 0.00 0.00 83.00 160.00 -71.00 38.00 20.00 -34.00 47.00 19.00 28.00 -42.00 0.00 0.00 0.00 0.00 0.00 0.00 0.00 0.00 0.00 0.00 0.00 0.00 0.00 0.00 0.00 0.00 0.00 0.00 0.00 0.00 0.00 0.00 0.00 0.00 0.00 0.00 
-42.00 -15.00 30.00 0.00 76.00 39.00 -66.00 143.00 30.00 10.00 59.00 -8.00 28.00 -42.00 0.00 0.00 0.00 0.00 0.00 0.00 0.00 0.00 0.00 0.00 0.00 0.00 0.00 0.00 0.00 0.00 0.00 0.00 0.00 0.00 0.00 0.00 0.00 0.00 0.00 0.00 
23.00 -9.00 60.00 0.00 83.00 160.00 -71.00 38.00 20.00 -34.00 47.00 19.00 28.00 -42.00 0.00 0.00 0.00 0.00 0.00 0.00 0.00 0.00 0.00 0.00 0.00 0.00 0.00 0.00 0.00 0.00 0.00 0.00 0.00 0.00 0.00 0.00 0.00 0.00 0.00 0.00 
-42.00 -15.00 90.00 0.00 76.00 39.00 -66.00 143.00 30.00 10.00 59.00 -8.00 28.00 -42.00 0.00 0.00 0.00 0.00 0.00 0.00 0.00 0.00 0.00 0.00 0.00 0.00 0.00 0.00 0.00 0.00 0.00 0.00 0.00 0.00 0.00 0.00 0.00 0.00 0.00 0.00 
23.00 -9.00 120.00 0.00 83.00 160.00 -71.00 38.00 20.00 -34.00 47.00 19.00 28.00 -42.00 0.00 0.00 0.00 0.00 0.00 0.00 0.00 0.00 0.00 0.00 0.00 0.00 0.00 0.00 0.00 0.00 0.00 0.00 0.00 0.00 0.00 0.00 0.00 0.00 0.00 0.00 
-42.00 -15.00 150.00 0.00 76.00 39.00 -66.00 143.00 30.00 10.00 59.00 -8.00 28.00 -42.00 0.00 0.00 0.00 0.00 0.00 0.00 0.00 0.00 0.00 0.00 0.00 0.00 0.00 0.00 0.00 0.00 0.00 0.00 0.00 0.00 0.00 0.00 0.00 0.00 0.00 0.00 
23.00 -9.00 180.00 0.00 83.00 160.00 -71.00 38.00 20.00 -34.00 47.00 19.00 28.00 -42.00 0.00 0.00 0.00 0.00 0.00 0.00 0.00 0.00 0.00 0.00 0.00 0.00 0.00 0.00 0.00 0.00 0.00 0.00 0.00 0.00 0.00 0.00 0.00 0.00 0.00 0.00 
-42.00 -15.00 210.00 0.00 76.00 39.00 -66.00 143.00 30.00 10.00 59.00 -8.00 28.00 -42.00 0.00 0.00 0.00 0.00 0.00 0.00 0.00 0.00 0.00 0.00 0.00 0.00 0.00 0.00 0.00 0.00 0.00 0.00 0.00 0.00 0.00 0.00 0.00 0.00 0.00 0.00 
23.00 -9.00 240.00 0.00 83.00 160.00 -71.00 38.00 20.00 -34.00 47.00 19.00 28.00 -42.00 0.00 0.00 0.00 0.00 0.00 0.00 0.00 0.00 0.00 0.00 0.00 0.00 0.00 0.00 0.00 0.00 0.00 0.00 0.00 0.00 0.00 0.00 0.00 0.00 0.00 0.00 
-42.00 -15.00 270.00 0.00 76.00 39.00 -66.00 143.00 30.00 10.00 59.00 -8.00 28.00 -42.00 0.00 0.00 0.00 0.00 0.00 0.00 0.00 0.00 0.00 0.00 0.00 0.00 0.00 0.00 0.00 0.00 0.00 0.00 0.00 0.00 0.00 0.00 0.00 0.00 0.00 0.00 
23.00 -9.00 300.00 0.00 83.00 160.00 -71.00 38.00 20.00 -34.00 47.00 19.00 28.00 -42.00 0.00 0.00 0.00 0.00 0.00 0.00 0.00 0.00 0.00 0.00 0.00 0.00 0.00 0.00 0.00 0.00 0.00 0.00 0.00 0.00 0.00 0.00 0.00 0.00 0.00 0.00 
-42.00 -15.00 330.00 0.00 76.00 39.00 -66.00 143.00 30.00 10.00 59.00 -8.00 28.00 -42.00 0.00 0.00 0.00 0.00 0.00 0.00 0.00 0.00 0.00 0.00 0.00 0.00 0.00 0.00 0.00 0.00 0.00 0.00 0.00 0.00 0.00 0.00 0.00 0.00 0.00 0.00 
23.00 -9.00 360.00 0.00 83.00 160.00 -71.00 38.00 20.00 -34.00 47.00 19.00 28.00 -42.00 0.00 0.00 0.00 0.00 0.00 0.00 0.00 0.00 0.00 0.00 0.00 0.00 0.00 0.00 0.00 0.00 0.00 0.00 0.00 0.00 0.00 0.00 0.00 0.00 0.00 0.00 
2.00 3.00 360.00 0.00 132.00 5.00 -96.00 82.00 5.00 6.00 -13.00 -7.00 28.00 -42.00 0.00 0.00 0.00 0.00 0.00 0.00 0.00 0.00 0.00 0.00 0.00 0.00 0.00 0.00 0.00 0.00 0.00 0.00 0.00 0.00 0.00 0.00 0.00 0.00 0.00 0.00 
2.00 3.00 360.00 0.00 149.00 -93.00 -111.00 44.00 5.00 6.00 -13.00 -7.00 28.00 -42.00 0.00 0.00 0.00 0.00 0.00 0.00 0.00 0.00 0.00 0.00 0.00 0.00 0.00 0.00 0.00 0.00 0.00 0.00 0.00 0.00 0.00 0.00 0.00 0.00 0.00 0.00 

